MEMORY
  total           14893 KB
  struct            158 KB
  buffer            399 KB
  arena           14336 KB, used 0.4%

SIZES
  narena                14680064
  nbuffer               408192
  nplugin               0
  maxuse_stack          29256
  maxuse_arena          60396
  maxuse_con            17
  maxuse_efc            60
  ncon                  11
  ne                    7
  nf                    0
  nl                    2
  nefc                  42
  nJ                    840
  efm_active            0
  nefmK                 0
  nefmdof               0
  nefmL                 0
  nY                    0
  nA                    0
  nisland               1
  nidof                 20
  ntree_awake           2
  nbody_awake           24
  nparent_awake         23
  nv_awake              20
  flg_energypos         0
  flg_energyvel         0
  flg_subtreevel        0
  flg_rnepost           1
  threadpool            0

TIMER
    0:  duration =  55         number = 1747
    1:  duration =  57         number = 1948
    2:  duration =  0          number = 0
    3:  duration =  31         number = 1948
    4:  duration =  2.2        number = 1948
    5:  duration =  0.47       number = 1948
    6:  duration =  21         number = 1948
    7:  duration =  2.4        number = 1747
    8:  duration =  3.3        number = 1948
    9:  duration =  0.89       number = 1948
    10:  duration =  22         number = 1948
    11:  duration =  5          number = 1948
    12:  duration =  0.054      number = 1948
    13:  duration =  3.9        number = 1948
    14:  duration =  12         number = 1948

SOLVER STAT
  solver_fwdinv =   0         0       
  ISLAND 0
    solver_niter = 2
    solver_nnz = 400
      0:  improvement =  21          gradient =  1.6         lineslope =  3.3e-17 
          nactive = 42   nchange = 12   neval = 3   nupdate = 12
      1:  improvement =  0.11        gradient =  3.7e-15     lineslope =  6.6e-18 
          nactive = 42   nchange = 0   neval = 2   nupdate = 0

ENERGY =   0         0       

TIME =  3.5     

QPOS
  -1.6     
  -1.6     
   1.6     
  -1.6     
  -1.6     
  -5.1e-06 
   0.62    
   0.00057 
   0.62    
  -0.61    
   0.62    
   0.00054 
   0.62    
  -0.61    
  -0.13    
   0.49    
   0.28    
  -0.5     
  -0.5     
  -0.5     
   0.5     

QVEL
  -4.9e-05 
  -8.8e-06 
   2.3e-06 
   2.7e-06 
  -0.00063 
   0.00019 
   5.6e-05 
   0.0098  
  -0.00062 
  -0.086   
   0.00054 
  -0.01    
   0.0017  
   0.089   
  -0.004   
  -7.6e-05 
   3.2e-05 
  -0.034   
  -0.0013  
  -0.094   

QACC_WARMSTART
  -0.021   
  -0.0019  
  -0.00066 
   0.0016  
   0.31    
  -0.22    
   0.82    
   2.6     
   3.2     
  -21      
  -0.04    
  -2.9     
  -2       
   24      
  -0.16    
   0.00056 
   0.02    
  -5.1     
  -0.041   
  -24      

CTRL
  -1.6     
  -1.6     
   1.6     
  -1.6     
  -1.6     
  -5.7e-06 
   2.6e+02 

QFRC_APPLIED
   0       
   0       
   0       
   0       
   0       
   0       
   0       
   0       
   0       
   0       
   0       
   0       
   0       
   0       
   0       
   0       
   0       
   0       
   0       
   0       

XFRC_APPLIED
   0         0         0         0         0         0       
   0         0         0         0         0         0       
   0         0         0         0         0         0       
   0         0         0         0         0         0       
   0         0         0         0         0         0       
   0         0         0         0         0         0       
   0         0         0         0         0         0       
   0         0         0         0         0         0       
   0         0         0         0         0         0       
   0         0         0         0         0         0       
   0         0         0         0         0         0       
   0         0         0         0         0         0       
   0         0         0         0         0         0       
   0         0         0         0         0         0       
   0         0         0         0         0         0       
   0         0         0         0         0         0       
   0         0         0         0         0         0       
   0         0         0         0         0         0       
   0         0         0         0         0         0       
   0         0         0         0         0         0       
   0         0         0         0         0         0       
   0         0         0         0         0         0       
   0         0         0         0         0         0       
   0         0         0         0         0         0       

EQ_ACTIVE             1 1 1

QACC
  -0.021   
  -0.0019  
  -0.00066 
   0.0016  
   0.31    
  -0.22    
   0.82    
   2.6     
   3.2     
  -21      
  -0.04    
  -2.9     
  -2       
   24      
  -0.16    
   0.00056 
   0.02    
  -5.1     
  -0.041   
  -24      

SENSOR
  -0.051   
   0.28    
  -13      
  -0.011   
  -0.05    
  -0.011   

TREE_ASLEEP
  -11
  -11

XPOS
   0         0         0       
  -0.13      0.49      0.08    
   0         0         0       
   0         0         0.16    
  -0.14      1.6e-06   0.16    
  -0.007     0.0039    0.59    
  -0.007     0.4       0.58    
  -0.13      0.4       0.58    
  -0.13      0.5       0.58    
  -0.13      0.49      0.47    
  -0.13      0.49      0.47    
  -0.1       0.49      0.41    
  -0.075     0.49      0.4     
  -0.12      0.49      0.41    
  -0.098     0.49      0.36    
  -0.12      0.49      0.34    
  -0.12      0.49      0.34    
  -0.16      0.49      0.41    
  -0.19      0.49      0.4     
  -0.15      0.49      0.41    
  -0.17      0.49      0.36    
  -0.15      0.49      0.34    
  -0.15      0.49      0.34    
  -0.13      0.49      0.28    

XQUAT
   1         0         0         0       
   0.71      0        -0.71      0       
   0         0         0        -1       
  -0.71      0         0        -0.71    
  -0.71      0.0033   -0.0033   -0.71    
  -0.5       0.5      -0.5      -0.5     
  -0.49      0.51     -0.51     -0.49    
  -0.7       0.71     -3.7e-06   4.7e-06 
  -0.7       0.71     -1.8e-06   2.7e-06 
  -0.011    -1         3.2e-06  -6.4e-07 
  -0.0079   -0.71     -0.71      0.0079  
   0.21     -0.68     -0.67      0.22    
   0.21     -0.68     -0.67      0.22    
   0.21     -0.68     -0.67      0.22    
  -0.0042   -0.71     -0.71      0.012   
  -0.0042   -0.71     -0.71      0.012   
  -0.0042   -0.71     -0.71      0.012   
   0.21     -0.68      0.67     -0.22    
   0.21     -0.68      0.67     -0.22    
   0.21     -0.68      0.67     -0.22    
  -0.0043   -0.71      0.71     -0.012   
  -0.0043   -0.71      0.71     -0.012   
  -0.0043   -0.71      0.71     -0.012   
  -0.5      -0.5      -0.5       0.5     

XMAT
   1         0         0         0         1         0         0         0         1       
   4.9e-12  -0        -1         0         1        -0         1         0         4.9e-12 
  -1         0         0         0        -1        -0        -0         0         1       
   1.2e-05  -1        -0         1         1.2e-05   0         0        -0         1       
   1.2e-05  -1         1.1e-07   1         1.2e-05   0.0092   -0.0092   -6.1e-17   1       
  -2.2e-07  -1         1.2e-05  -0.018     1.2e-05   1        -1        -1.7e-16  -0.018   
  -2.7e-07  -1         1.2e-05  -0.022     1.2e-05   1        -1        -1.7e-16  -0.022   
   1         1.2e-06   1.2e-05  -1.2e-05  -0.022     1         1.5e-06  -1        -0.022   
   1         1.2e-06   6.4e-06  -6.4e-06  -0.022     1         1.4e-06  -1        -0.022   
   1        -6.4e-06   1.2e-06  -6.4e-06  -1        -0.022     1.4e-06   0.022    -1       
   6.4e-06   1         1.2e-06   1        -6.4e-06  -0.022    -0.022     1.4e-06  -1       
   6.4e-06   0.81     -0.58      1        -0.013    -0.018    -0.022    -0.58     -0.81    
   6.4e-06   0.81     -0.59      1        -0.013    -0.018    -0.022    -0.58     -0.81    
   6.4e-06   0.81     -0.58      1        -0.013    -0.018    -0.022    -0.58     -0.81    
   6.4e-06   1        -0.011     1        -0.00024  -0.022    -0.022    -0.011    -1       
   6.4e-06   1        -0.011     1        -0.00024  -0.022    -0.022    -0.011    -1       
   6.4e-06   1        -0.011     1        -0.00024  -0.022    -0.022    -0.011    -1       
  -6.4e-06  -0.81      0.58     -1        -0.013    -0.018     0.022    -0.58     -0.81    
  -6.4e-06  -0.81      0.59     -1        -0.013    -0.018     0.022    -0.58     -0.81    
  -6.4e-06  -0.81      0.58     -1        -0.013    -0.018     0.022    -0.58     -0.81    
  -6.4e-06  -1         0.01     -1        -0.00022  -0.022     0.022    -0.01     -1       
  -6.4e-06  -1         0.01     -1        -0.00022  -0.022     0.022    -0.01     -1       
  -6.4e-06  -1         0.01     -1        -0.00022  -0.022     0.022    -0.01     -1       
  -0.00011   1        -1.9e-05  -0.0065   -2e-05    -1        -1        -0.00011   0.0065  

XIPOS
   0         0         0       
  -0.13      0.49      0.08    
   0         0         0       
   0         0         0.16    
  -0.14      0.002     0.38    
  -0.007     0.2       0.58    
  -0.13      0.4       0.58    
  -0.13      0.5       0.58    
  -0.13      0.49      0.5     
  -0.13      0.49      0.47    
  -0.13      0.49      0.43    
  -0.09      0.49      0.4     
  -0.087     0.49      0.38    
  -0.12      0.49      0.38    
  -0.11      0.49      0.34    
  -0.12      0.49      0.32    
  -0.12      0.49      0.32    
  -0.18      0.49      0.4     
  -0.18      0.49      0.38    
  -0.15      0.49      0.38    
  -0.16      0.49      0.34    
  -0.15      0.49      0.32    
  -0.14      0.49      0.32    
  -0.13      0.49      0.28    

XIMAT
   1         0         0         0         1         0         0         0         1       
   0        -1         4.9e-12   1         0         0         0         4.9e-12   1       
  -1         0         0         0        -1        -0        -0         0         1       
   1.2e-05  -1        -0         1         1.2e-05   0         0        -0         1       
   1.2e-05  -1         1.1e-07   1         1.2e-05   0.0092   -0.0092   -6.1e-17   1       
  -2.2e-07  -1         1.2e-05  -0.018     1.2e-05   1        -1        -1.7e-16  -0.018   
  -2.7e-07  -1         1.2e-05  -0.022     1.2e-05   1        -1        -1.7e-16  -0.022   
   1         1.2e-06   1.2e-05  -1.2e-05  -0.022     1         1.5e-06  -1        -0.022   
   1.2e-06  -1         6.4e-06  -0.022     6.4e-06   1        -1        -1.4e-06  -0.022   
  -0.0028    0.0015    1        -0.022     1        -0.0015   -1        -0.022    -0.0028  
   6.4e-06   1         0.0031    1         6.2e-05  -0.022    -0.022     0.0031   -1       
   6.4e-06  -0.64     -0.77      1        -0.017     0.014    -0.022    -0.77      0.64    
   0.88     -6.4e-06  -0.48     -0.011    -1        -0.02     -0.48      0.022    -0.88    
   1        -6.4e-06   0.085     0.0019   -1        -0.022     0.085     0.022    -1       
   6.4e-06   0.94     -0.33      1        -0.0075   -0.021    -0.022    -0.33     -0.94    
   1        -6.4e-06  -0.011    -0.00024  -1        -0.022    -0.011     0.022    -1       
   1        -6.4e-06  -0.011    -0.00024  -1        -0.022    -0.011     0.022    -1       
  -6.4e-06   0.64      0.77     -1        -0.017     0.014     0.022    -0.77      0.64    
  -0.88      6.4e-06   0.48     -0.011     1        -0.02     -0.48     -0.022    -0.88    
  -1         6.4e-06  -0.085     0.0019    1        -0.022     0.085    -0.022    -1       
  -6.4e-06  -0.94      0.33     -1        -0.0075   -0.021     0.022    -0.33     -0.94    
  -1         6.4e-06   0.01     -0.00022   1        -0.022    -0.01     -0.022    -1       
  -1         6.4e-06   0.01     -0.00022   1        -0.022    -0.01     -0.022    -1       
  -0.00011   1        -1.9e-05  -0.0065   -2e-05    -1        -1        -0.00011   0.0065  

XANCHOR
   0         0         0.16    
  -0.14      1.6e-06   0.16    
  -0.007     0.0039    0.59    
  -0.007     0.4       0.58    
  -0.13      0.4       0.58    
  -0.13      0.5       0.58    
  -0.1       0.49      0.41    
  -0.075     0.49      0.4     
  -0.12      0.49      0.41    
  -0.12      0.49      0.35    
  -0.16      0.49      0.41    
  -0.19      0.49      0.4     
  -0.15      0.49      0.41    
  -0.15      0.49      0.35    
  -0.13      0.49      0.28    

XAXIS
   0         0         1       
  -1         1.2e-05   0       
  -1         1.2e-05  -6.1e-17 
  -1         1.2e-05  -1.2e-16 
   1.2e-05   1        -0.022   
   1.2e-06  -0.022    -1       
   6.4e-06   1        -0.022   
   6.4e-06   1        -0.022   
   6.4e-06   1        -0.022   
   6.4e-06   1        -0.022   
  -6.4e-06  -1         0.022   
  -6.4e-06  -1         0.022   
  -6.4e-06  -1         0.022   
  -6.4e-06  -1         0.022   
   0         0         1       

GEOM_XPOS
   0         0         0       
  -0.15      0.5       0.025   
  -0.11      0.49      0.08    
  -0.15      0.49      0.08    
  -0.13      0.51      0.08    
  -0.13      0.47      0.08    
  -0.13      0.49      0.08    
  -6.7e-07   3.7e-07   0.094   
  -1.5e-07  -5e-07     0.031   
   0.0084    0.00016   0.21    
  -0.069     1.8e-06   0.16    
  -0.00056  -5e-05     0.14    
   0         0         0.12    
  -0.14      0.002     0.38    
  -0.11      0.0028    0.46    
  -0.12      0.002     0.38    
  -0.18      0.0019    0.38    
  -0.098     1.2e-06   0.16    
  -0.14      0.0018    0.36    
   0.033     0.4       0.58    
  -0.0066    0.21      0.58    
  -0.024     0.26      0.58    
  -0.019     0.17      0.58    
  -0.087     0.0039    0.59    
  -0.007     0.2       0.58    
  -0.13      0.44      0.58    
  -0.14      0.36      0.58    
  -0.12      0.41      0.58    
  -0.057     0.4       0.58    
  -0.13      0.49      0.53    
  -0.13      0.5       0.62    
  -0.13      0.49      0.56    
  -0.13      0.44      0.58    
  -0.13      0.5       0.56    
  -0.13      0.49      0.5     
  -0.13      0.49      0.5     
  -0.13      0.49      0.47    
  -0.13      0.49      0.47    
  -0.13      0.49      0.43    
  -0.13      0.49      0.43    
  -0.09      0.49      0.4     
  -0.09      0.49      0.4     
  -0.087     0.49      0.38    
  -0.087     0.49      0.38    
  -0.12      0.49      0.38    
  -0.12      0.49      0.38    
  -0.11      0.49      0.34    
  -0.11      0.49      0.34    
  -0.12      0.49      0.31    
  -0.12      0.49      0.33    
  -0.12      0.49      0.32    
  -0.12      0.49      0.32    
  -0.18      0.49      0.4     
  -0.18      0.49      0.4     
  -0.18      0.49      0.38    
  -0.18      0.49      0.38    
  -0.15      0.49      0.38    
  -0.15      0.49      0.38    
  -0.16      0.49      0.34    
  -0.16      0.49      0.34    
  -0.15      0.49      0.31    
  -0.15      0.49      0.33    
  -0.15      0.49      0.32    
  -0.14      0.49      0.32    
  -0.13      0.49      0.28    

GEOM_XMAT
   1         0         0         0         1         0         0         0         1       
   1         0         0         0         1         0         0         0         1       
   4.9e-12  -0        -1         0         1        -0         1         0         4.9e-12 
   4.9e-12  -0        -1         0         1        -0         1         0         4.9e-12 
   4.9e-12  -0        -1         0         1        -0         1         0         4.9e-12 
   4.9e-12  -0        -1         0         1        -0         1         0         4.9e-12 
   4.9e-12  -0        -1         0         1        -0         1         0         4.9e-12 
   1.1e-05   1         0         0         0         1         1        -1.1e-05   0       
  -9.9e-06  -0.61     -0.79      1.9e-05   0.79     -0.61      1        -2.1e-05   3.6e-06 
   0.32     -0.16      0.93      0.0014   -0.99     -0.16      0.95      0.055    -0.32    
  -1         5.9e-07   1.6e-05   2.1e-06  -0.99      0.17      1.6e-05   0.17      0.99    
  -0.74     -0.68      0.034    -0.002     0.053     1        -0.68      0.74     -0.04    
   1.2e-05  -1        -0         1         1.2e-05   0         0        -0         1       
   0.35     -0.94     -0.00031   0.94      0.35      0.0094   -0.0087   -0.0035    1       
   0.00049  -0.98      0.18      1         0.0021    0.0091   -0.0093    0.18      0.98    
  -1         0.0018    0.0094   -0.0017   -1         0.0092    0.0094    0.0092    1       
  -1         0.00047   0.00033  -0.00046  -1         0.0092    0.00034   0.0092    1       
   1.2e-05   1.1e-07   1         1         0.0092   -1.2e-05  -0.0092    1         0       
   1.2e-05  -1         1.1e-07   1         1.2e-05   0.0092   -0.0092   -6.1e-17   1       
  -0.95     -0.045    -0.3      -0.31      0.16      0.94      0.0059    0.99     -0.17    
  -0.97     -0.24      0.00063  -0.0037    0.018     1        -0.24      0.97     -0.019   
  -0.0049   -0.99     -0.15     -0.019    -0.15      0.99     -1         0.0076   -0.018   
  -1         0.00077  -0.02     -0.02      0.018     1         0.0011    1        -0.018   
  -2.2e-07   1.2e-05   1        -0.018     1        -1.2e-05  -1        -0.018     1.2e-16 
  -2.2e-07  -1         1.2e-05  -0.018     1.2e-05   1        -1        -1.7e-16  -0.018   
   0.0002    0.92     -0.39      1        -0.009    -0.021    -0.022    -0.39     -0.92    
   0.3       0.073     0.95      0.95     -0.00065  -0.31     -0.022     1        -0.07    
   0.51     -0.00025   0.86      0.86      0.022    -0.51     -0.018     1         0.011   
  -2.7e-07   1.2e-05   1        -0.022     1        -1.2e-05  -1        -0.022     3.2e-16 
   1.2e-06  -0.98      0.18     -0.022     0.18      0.98     -1        -0.004    -0.022   
  -0.00036  -0.99      0.11     -0.33      0.1       0.94     -0.95     -0.036    -0.32    
  -5.2e-05  -1         0.00042   0.73     -0.00032  -0.68      0.68      0.00027   0.73    
   1         1.2e-06   1.2e-05  -1.2e-05  -0.022     1         1.5e-06  -1        -0.022   
   1         1.2e-05  -1.2e-06  -1.2e-05   1         0.022     1.5e-06  -0.022     1       
   0.00048  -0.97      0.22     -0.027     0.22      0.97     -1        -0.0066   -0.026   
   1         6.4e-06  -1.2e-06  -6.4e-06   1         0.022     1.4e-06  -0.022     1       
  -0.0028    0.0015    1        -0.022     1        -0.0015   -1        -0.022    -0.0028  
  -0.0028    0.0015    1        -0.022     1        -0.0015   -1        -0.022    -0.0028  
   6.4e-06   1         0.0031    1         6.2e-05  -0.022    -0.022     0.0031   -1       
   6.4e-06   1         0.0031    1         6.2e-05  -0.022    -0.022     0.0031   -1       
   6.4e-06  -0.64     -0.77      1        -0.017     0.014    -0.022    -0.77      0.64    
   6.4e-06  -0.64     -0.77      1        -0.017     0.014    -0.022    -0.77      0.64    
   0.88     -6.4e-06  -0.48     -0.011    -1        -0.02     -0.48      0.022    -0.88    
   0.88     -6.4e-06  -0.48     -0.011    -1        -0.02     -0.48      0.022    -0.88    
   1        -6.4e-06   0.085     0.0019   -1        -0.022     0.085     0.022    -1       
   1        -6.4e-06   0.085     0.0019   -1        -0.022     0.085     0.022    -1       
   6.4e-06   0.94     -0.34      1        -0.0076   -0.021    -0.022    -0.34     -0.94    
   6.4e-06   0.94     -0.34      1        -0.0076   -0.021    -0.022    -0.34     -0.94    
   6.4e-06   1        -0.011     1        -0.00024  -0.022    -0.022    -0.011    -1       
   6.4e-06   1        -0.011     1        -0.00024  -0.022    -0.022    -0.011    -1       
   1        -6.4e-06  -0.011    -0.00024  -1        -0.022    -0.011     0.022    -1       
   1        -6.4e-06  -0.011    -0.00024  -1        -0.022    -0.011     0.022    -1       
  -6.4e-06   0.64      0.77     -1        -0.017     0.014     0.022    -0.77      0.64    
  -6.4e-06   0.64      0.77     -1        -0.017     0.014     0.022    -0.77      0.64    
  -0.88      6.4e-06   0.48     -0.011     1        -0.02     -0.48     -0.022    -0.88    
  -0.88      6.4e-06   0.48     -0.011     1        -0.02     -0.48     -0.022    -0.88    
  -1         6.4e-06  -0.085     0.0019    1        -0.022     0.085    -0.022    -1       
  -1         6.4e-06  -0.085     0.0019    1        -0.022     0.085    -0.022    -1       
  -6.4e-06  -0.94      0.34     -1        -0.0076   -0.021     0.022    -0.34     -0.94    
  -6.4e-06  -0.94      0.34     -1        -0.0076   -0.021     0.022    -0.34     -0.94    
  -6.4e-06  -1         0.01     -1        -0.00022  -0.022     0.022    -0.01     -1       
  -6.4e-06  -1         0.01     -1        -0.00022  -0.022     0.022    -0.01     -1       
  -1         6.4e-06   0.01     -0.00022   1        -0.022    -0.01     -0.022    -1       
  -1         6.4e-06   0.01     -0.00022   1        -0.022    -0.01     -0.022    -1       
  -0.00011   1        -1.9e-05  -0.0065   -2e-05    -1        -1        -0.00011   0.0065  

SITE_XPOS
  -0.13      0.49      0.48    
  -0.13      0.49      0.32    
  -0.13      0.49      0.21    
  -0.13      0.49      0.22    

SITE_XMAT
   1        -6.4e-06   1.2e-06  -6.4e-06  -1        -0.022     1.4e-06   0.022    -1       
   6.4e-06   1         1.2e-06   1        -6.4e-06  -0.022    -0.022     1.4e-06  -1       
   6.4e-06   1         1.2e-06   1        -6.4e-06  -0.022    -0.022     1.4e-06  -1       
  -0.00011   1        -1.9e-05  -0.0065   -2e-05    -1        -1        -0.00011   0.0065  

CAM_XPOS
   1.1      -1.1       1.1     
  -1.1       0.15      0.75    
  -0.13      0.57      0.4     

CAM_XMAT
   0.7      -0.38      0.6       0.71      0.37     -0.6       5.6e-17   0.85      0.53    
   0.3       0.43     -0.85     -0.95      0.14     -0.27      0         0.89      0.45    
  -1         0.0052   -0.0013   -0.0053   -0.97      0.24      0         0.24      0.97    

LIGHT_XPOS
   0         0         1.5     

LIGHT_XDIR
   0         0        -1       

SUBTREE_COM
  -0.076     0.1       0.32    
  -0.13      0.49      0.08    
  -0.076     0.098     0.32    
  -0.092     0.12      0.39    
  -0.12      0.15      0.45    
  -0.085     0.36      0.55    
  -0.13      0.46      0.53    
  -0.13      0.49      0.51    
  -0.13      0.49      0.44    
  -0.13      0.49      0.43    
  -0.13      0.49      0.42    
  -0.088     0.49      0.39    
  -0.087     0.49      0.38    
  -0.12      0.49      0.36    
  -0.11      0.49      0.34    
  -0.12      0.49      0.32    
  -0.12      0.49      0.32    
  -0.18      0.49      0.39    
  -0.18      0.49      0.38    
  -0.15      0.49      0.36    
  -0.16      0.49      0.34    
  -0.15      0.49      0.32    
  -0.14      0.49      0.32    
  -0.13      0.49      0.28    

CDOF
   0         0         1        -0.098    -0.076     0       
  -1         1.2e-05   0         1.9e-06   0.16     -0.098   
  -1         1.2e-05  -6.1e-17  -3.2e-06  -0.27     -0.094   
  -1         1.2e-05  -1.2e-16  -3.1e-06  -0.26      0.3     
   1.2e-05   1        -0.022    -0.27     -0.0013   -0.058   
   1.2e-06  -0.022    -1        -0.39     -0.058     0.0013  
   6.4e-06   1        -0.022    -0.1      -0.00062  -0.028   
   6.4e-06   1        -0.022    -0.087     4.6e-06   0.00018 
   6.4e-06   1        -0.022    -0.096    -0.001    -0.045   
   6.4e-06   1        -0.022    -0.039    -0.00091  -0.041   
  -6.4e-06  -1         0.022     0.1       0.002     0.089   
  -6.4e-06  -1         0.022     0.087     0.0026    0.12    
  -6.4e-06  -1         0.022     0.096     0.0016    0.072   
  -6.4e-06  -1         0.022     0.039     0.0017    0.076   
   0         0         0         1         0         0       
   0         0         0         0         1         0       
   0         0         0         0         0         1       
  -0.00011  -0.0065   -1         5.6e-17   0        -6.3e-21 
   1        -2e-05    -0.00011   6.3e-21  -0         5.6e-17 
  -1.9e-05  -1         0.0065   -3.6e-19   0        -1.1e-21 

CINERT
   0         0         0         0         0         0         0         0         0         0       
   0.00012   0.00012   3.7e-05   0        -4e-16     0         0        -5.6e-18   0         0.1     
   0.45      0.44      0.069     0.03      0.097    -0.13      0.3      -0.39     -1.3       4       
   0.14      0.12      0.064     0.028     0.044    -0.057     0.28     -0.36     -0.58      3.7     
   0.24      0.19      0.13     -0.051     0.029     0.044    -0.52     -0.81      0.47      8.4     
   0.21      0.17      0.065    -0.016    -0.041    -0.061     0.16      0.23      0.6       2.3     
   0.19      0.09      0.11      0.021     0.019    -0.095    -0.071     0.36      0.32      1.2     
   0.28      0.088     0.2       0.028     0.018    -0.13     -0.071     0.48      0.32      1.2     
   0.036     0.007     0.03      0.0044    0.002    -0.014    -0.011     0.075     0.034     0.19    
   0.027     0.004     0.024     0.0035    0.0013   -0.009    -0.0088    0.059     0.023     0.15    
   0.13      0.013     0.12      0.018     0.0051   -0.035    -0.045     0.31      0.088     0.78    
   0.0015    6.4e-05   0.0014    5e-05     1.1e-05  -0.00029  -0.00013   0.0035    0.00074   0.009   
   0.0022    5.2e-05   0.0022    6.1e-05   7.5e-06  -0.00032  -0.00015   0.0055    0.00081   0.014   
   0.0035    0.00013   0.0035    0.00037   5.7e-05  -0.00052  -0.00095   0.0087    0.0013    0.022   
   0.0019    2.4e-05   0.0019    0.00017   9.6e-06  -0.00012  -0.00042   0.0049    0.0003    0.013   
   0.00054   7.3e-06   0.00054   6.1e-05   7.1e-07  -6.3e-06  -0.00016   0.0014    1.6e-05   0.0035  
   0.0002    3.1e-06   0.0002    2.4e-05   2.8e-07  -2.3e-06  -6.2e-05   0.00051   6e-06     0.0013  
   0.0015    0.00016   0.0015    0.00036   7.5e-05  -0.00029  -0.00092   0.0035    0.00074   0.009   
   0.0022    0.00021   0.0023    0.00059   8.7e-05  -0.00032  -0.0015    0.0055    0.00081   0.014   
   0.0035    0.00021   0.0035    0.00064   9.7e-05  -0.00052  -0.0016    0.0087    0.0013    0.022   
   0.0019    9.6e-05   0.002     0.00041   2.6e-05  -0.00012  -0.001     0.0049    0.0003    0.013   
   0.00054   1.9e-05   0.00056   9.9e-05   1.2e-06  -6.3e-06  -0.00025   0.0014    1.6e-05   0.0035  
   0.0002    6.4e-06   0.00021   3.5e-05   4.1e-07  -2.3e-06  -9e-05     0.00051   6e-06     0.0013  
   0.002     0.002     0.002    -1.2e-19   1.9e-20   1.2e-19   0        -2.8e-18   0         0.05    

TEN_LENGTH
   0.62    

TEN_J: tendon moments
----------------------
       x   x          |
----------------------

TEN_J_ROWNNZ
  2

TEN_J_ROWADR
  0

TEN_J
     6:  0.5       10:  0.5     

TENDON 0: 0 wrap points

ACTUATOR_LENGTH
  -1.6     
  -1.6     
   1.6     
  -1.6     
  -1.6     
  -5.5e-06 
   0.62    

actuator_moment
----------------------
 x                    |
  x                   |
   x                  |
    x                 |
     x                |
      x               |
       x   x          |
----------------------

ACTUATOR_MOMENT
     0:  1       
     1:  1       
     2:  1       
     3:  1       
     4:  1       
     5:  1       
     6:  0.5       10:  0.5     

CRB
   0         0         0         0         0         0         0         0         0         0       
   0.00012   0.00012   3.7e-05   0        -4e-16     0         0        -5.6e-18   0         0.1     
   1.7       1.1       0.84      0.069     0.17     -0.48      1.1e-16   5.6e-17  -1.6e-15   22      
   1.3       0.69      0.77      0.039     0.078    -0.35     -0.3       0.39      1.3       18      
   1.1       0.57      0.7       0.012     0.034    -0.3      -0.58      0.76      1.9       14      
   0.9       0.38      0.58      0.062     0.0045   -0.34     -0.059     1.6       1.4       6       
   0.68      0.2       0.51      0.078     0.046    -0.28     -0.21      1.3       0.79      3.7     
   0.49      0.11      0.4       0.057     0.027    -0.19     -0.14      0.97      0.47      2.5     
   0.21      0.025     0.2       0.029     0.0088   -0.06     -0.073     0.49      0.15      1.2     
   0.18      0.018     0.17      0.024     0.0068   -0.046    -0.062     0.41      0.12      1.1     
   0.15      0.014     0.14      0.021     0.0055   -0.037    -0.053     0.36      0.094     0.9     
   0.0037    0.00012   0.0036    0.00011   1.9e-05  -0.00061  -0.00028   0.0091    0.0016    0.023   
   0.0022    5.2e-05   0.0022    6.1e-05   7.5e-06  -0.00032  -0.00015   0.0055    0.00081   0.014   
   0.0062    0.00016   0.0062    0.00062   6.8e-05  -0.00064  -0.0016    0.016     0.0016    0.039   
   0.0027    3.5e-05   0.0027    0.00025   1.1e-05  -0.00013  -0.00064   0.0068    0.00032   0.017   
   0.00074   1e-05     0.00075   8.5e-05   9.9e-07  -8.6e-06  -0.00022   0.0019    2.2e-05   0.0048  
   0.0002    3.1e-06   0.0002    2.4e-05   2.8e-07  -2.3e-06  -6.2e-05   0.00051   6e-06     0.0013  
   0.0037    0.00037   0.0038    0.00095   0.00016  -0.00061  -0.0024    0.0091    0.0016    0.023   
   0.0022    0.00021   0.0023    0.00059   8.7e-05  -0.00032  -0.0015    0.0055    0.00081   0.014   
   0.0062    0.00033   0.0063    0.0012    0.00012  -0.00064  -0.003     0.016     0.0016    0.039   
   0.0027    0.00012   0.0028    0.00054   2.7e-05  -0.00013  -0.0014    0.0068    0.00032   0.017   
   0.00074   2.5e-05   0.00076   0.00013   1.6e-06  -8.6e-06  -0.00034   0.0019    2.2e-05   0.0048  
   0.0002    6.4e-06   0.00021   3.5e-05   4.1e-07  -2.3e-06  -9e-05     0.00051   6e-06     0.0013  
   0.002     0.002     0.002    -1.2e-19   1.9e-20   1.2e-19   0        -2.8e-18   0         0.05    

M
     0:  1.3     
     0: -0.44       1:  2.5     
     0:  0.027      1:  0.85       2:  1       
     0:  0.024      1:  0.077      2:  0.15       3:  0.16    
     0:  0.084      1: -3.6e-05    2: -3.7e-05    3: -7.5e-06    4:  0.13    
     0: -0.00053    1:  2.4e-05    2: -8.4e-06    3: -8.5e-06    4:  1.4e-06    5:  0.1     
     0:  0.0003     1:  0.00018    2:  0.00018    3:  3.6e-05    4:  0.00014    5: -3e-16      6:  0.005   
     0:  0.00014    1: -7.6e-05    2: -7.7e-05    3: -1.6e-05    4:  5.5e-05    5: -1.6e-20    6:  1.1e-05    7:  0.001   
     0:  0.00089    1:  9.5e-05    2:  9.6e-05    3:  1.9e-05    4:  0.00043    5:  5.3e-12    8:  0.0011  
     0:  9.7e-05    1:  3.1e-05    2:  3.2e-05    3:  6.4e-06    4:  5.4e-05    5:  7.6e-20    8:  1.9e-05    9:  0.001   
     0: -0.0003     1:  0.00018    2:  0.00018    3:  3.6e-05    4: -0.00014    5: -2.1e-20   10:  0.005   
     0: -0.00014    1: -7.6e-05    2: -7.7e-05    3: -1.6e-05    4: -5.5e-05    5: -4.5e-20   10:  1.1e-05   11:  0.001   
     0: -0.00089    1:  9.5e-05    2:  9.6e-05    3:  1.9e-05    4: -0.00043    5:  5.3e-12   12:  0.0011  
     0: -9.7e-05    1:  3.1e-05    2:  3.2e-05    3:  6.4e-06    4: -5.4e-05    5: -6.7e-20   12:  1.9e-05   13:  0.001   
    14:  0.05    
    15:  0.05    
    16:  0.05    
    17:  0.002   
    18:  0.002   
    19:  0.002   

QLD
     0:  1.1     
     0: -0.26       1:  1.7     
     0:  0.0048     1:  0.88       2:  0.88    
     0:  0.15       1:  0.5        2:  0.98       3:  0.16    
     0:  0.65       1: -0.00029    2: -0.00029    3: -5.9e-05    4:  0.13    
     0: -0.0053     1:  0.00023    2: -8.4e-05    3: -8.5e-05    4:  1.4e-05    5:  0.1     
     0:  0.059      1:  0.035      2:  0.035      3:  0.0072     4:  0.028      5: -6e-14      6:  0.005   
     0:  0.14       1: -0.076      2: -0.076      3: -0.016      4:  0.054      5: -1.6e-17    6:  0.011      7:  0.001   
     0:  0.8        1:  0.085      2:  0.086      3:  0.017      4:  0.38       5:  4.8e-09    8:  0.0011  
     0:  0.097      1:  0.031      2:  0.031      3:  0.0064     4:  0.054      5:  7.5e-17    8:  0.019      9:  0.001   
     0: -0.058      1:  0.035      2:  0.035      3:  0.0072     4: -0.028      5: -4.1e-18   10:  0.005   
     0: -0.14       1: -0.076      2: -0.076      3: -0.016      4: -0.054      5: -4.4e-17   10:  0.011     11:  0.001   
     0: -0.8        1:  0.085      2:  0.086      3:  0.017      4: -0.38       5:  4.8e-09   12:  0.0011  
     0: -0.096      1:  0.031      2:  0.031      3:  0.0064     4: -0.054      5: -6.7e-17   12:  0.019     13:  0.001   
    14:  0.05    
    15:  0.05    
    16:  0.05    
    17:  0.002   
    18:  0.002   
    19:  0.002   

QLDIAGINV
   0.92    
   0.57    
   1.1     
   6.4     
   7.9     
   9.9     
   2e+02   
   9.9e+02 
   9e+02   
   9.9e+02 
   2e+02   
   9.9e+02 
   9e+02   
   9.9e+02 
   20      
   20      
   20      
   5e+02   
   5e+02   
   5e+02   

M: inertia structure
----------------------
 x                    |
 xx                   |
 xxx                  |
 xxxx                 |
 xxxxx                |
 xxxxxx               |
 xxxxxxx              |
 xxxxxxxx             |
 xxxxxx  x            |
 xxxxxx  xx           |
 xxxxxx    x          |
 xxxxxx    xx         |
 xxxxxx      x        |
 xxxxxx      xx       |
               x      |
                x     |
                 x    |
                  x   |
                   x  |
                    x |
----------------------

iM: block-diagonal inertia (nnzs are island ids)
----------------------
 0                    |
 00                   |
 000                  |
 0000                 |
 00000                |
 000000               |
 0000000              |
 00000000             |
 000000  0            |
 000000  00           |
 000000    0          |
 000000    00         |
 000000      0        |
 000000      00       |
               0      |
                0     |
                 0    |
                  0   |
                   0  |
                    0 |
----------------------

QH
     0:  2       
     0: -0.16       1:  2.9     
     0:  0.0097     1:  0.46       2:  1.8     
     0:  0.066      1:  0.22       2:  0.43       3:  0.36    
     0:  0.25       1: -0.00011    2: -0.00011    3: -2.3e-05    4:  0.33    
     0: -0.0018     1:  7.8e-05    2: -2.8e-05    3: -2.8e-05    4:  4.6e-06    5:  0.3     
     0:  0.057      1:  0.034      2:  0.034      3:  0.0069     4:  0.027      5: -5.7e-14    6:  0.0052  
     0:  0.14       1: -0.076      2: -0.076      3: -0.016      4:  0.054      5: -1.6e-17    6:  0.011      7:  0.001   
     0:  0.8        1:  0.085      2:  0.085      3:  0.017      4:  0.38       5:  4.8e-09    8:  0.0011  
     0:  0.097      1:  0.031      2:  0.031      3:  0.0064     4:  0.054      5:  7.5e-17    8:  0.019      9:  0.001   
     0: -0.056      1:  0.034      2:  0.034      3:  0.0069     4: -0.027      5: -4e-18     10:  0.0052  
     0: -0.14       1: -0.076      2: -0.076      3: -0.016      4: -0.054      5: -4.4e-17   10:  0.011     11:  0.001   
     0: -0.79       1:  0.085      2:  0.086      3:  0.017      4: -0.38       5:  4.8e-09   12:  0.0011  
     0: -0.096      1:  0.031      2:  0.031      3:  0.0064     4: -0.054      5: -6.7e-17   12:  0.019     13:  0.001   
    14:  0.05    
    15:  0.05    
    16:  0.05    
    17:  0.002   
    18:  0.002   
    19:  0.002   

QHDIAGINV
   0.51    
   0.35    
   0.57    
   2.8     
   3.1     
   3.3     
   1.9e+02 
   9.9e+02 
   9e+02   
   9.9e+02 
   1.9e+02 
   9.9e+02 
   9e+02   
   9.9e+02 
   20      
   20      
   20      
   5e+02   
   5e+02   
   5e+02   

TREE_AWAKE
  1 1

BODY_AWAKE
  -1 -1 -1 1 1 1 1 1 1 1 1 1 1 1 1 1 1 1 1 1 1 1 1 1

BODY_AWAKE_IND
  0 1 2 3 4 5 6 7 8 9 10 11 12 13 14 15 16 17 18 19 20 21 22 23

PARENT_AWAKE_IND
  1 2 3 4 5 6 7 8 9 10 11 12 13 14 15 16 17 18 19 20 21 22 23

DOF_AWAKE_IND
  0 1 2 3 4 5 6 7 8 9 10 11 12 13 14 15 16 17 18 19

QDERIV
     0: -4e+02      1:  0          2:  0          3:  0          4:  0          5:  0          6:  0          7:  0          8:  0          9:  0         10:  0         11:  0         12:  0         13:  0       
     0:  0          1: -4e+02      2:  0          3:  0          4:  0          5:  0          6:  0          7:  0          8:  0          9:  0         10:  0         11:  0         12:  0         13:  0       
     0:  0          1:  0          2: -4e+02      3:  0          4:  0          5:  0          6:  0          7:  0          8:  0          9:  0         10:  0         11:  0         12:  0         13:  0       
     0:  0          1:  0          2:  0          3: -1e+02      4:  0          5:  0          6:  0          7:  0          8:  0          9:  0         10:  0         11:  0         12:  0         13:  0       
     0:  0          1:  0          2:  0          3:  0          4: -1e+02      5:  0          6:  0          7:  0          8:  0          9:  0         10:  0         11:  0         12:  0         13:  0       
     0:  0          1:  0          2:  0          3:  0          4:  0          5: -1e+02      6:  0          7:  0          8:  0          9:  0         10:  0         11:  0         12:  0         13:  0       
     0:  0          1:  0          2:  0          3:  0          4:  0          5:  0          6: -0.1        7:  0       
     0:  0          1:  0          2:  0          3:  0          4:  0          5:  0          6:  0          7:  0       
     0:  0          1:  0          2:  0          3:  0          4:  0          5:  0          8: -0.0013     9:  0       
     0:  0          1:  0          2:  0          3:  0          4:  0          5:  0          8:  0          9:  0       
     0:  0          1:  0          2:  0          3:  0          4:  0          5:  0         10: -0.1       11:  0       
     0:  0          1:  0          2:  0          3:  0          4:  0          5:  0         10:  0         11:  0       
     0:  0          1:  0          2:  0          3:  0          4:  0          5:  0         12: -0.0013    13:  0       
     0:  0          1:  0          2:  0          3:  0          4:  0          5:  0         12:  0         13:  0       
    14:  0         15:  0         16:  0         17:  0         18:  0         19:  0       
    14:  0         15:  0         16:  0         17:  0         18:  0         19:  0       
    14:  0         15:  0         16:  0         17:  0         18:  0         19:  0       
    14:  0         15:  0         16:  0         17:  0         18:  0         19:  0       
    14:  0         15:  0         16:  0         17:  0         18:  0         19:  0       
    14:  0         15:  0         16:  0         17:  0         18:  0         19:  0       

CONTACT
  0:
     dim           3
     geoms         gripper_right_pad1 : object_red_peg
     exclude       0
     efc_address   9
     solref         0.004     1       
     solimp         0.95      0.99      0.001     0.5       2       
     dist          -0.00029 
     includemargin  0       
     pos           -0.12      0.48      0.31    
     frame         -1         2e-05     0.00011   2e-05     1        -2.2e-09  -0.00011   4.1e-25  -1       
     friction       0.7       0.7       0.005     0.0001    0.0001  
     mu             0.22    
     force          15       -1.4      -1.1       0         0         0       
  1:
     dim           3
     geoms         gripper_right_pad1 : object_red_peg
     exclude       0
     efc_address   12
     solref         0.004     1       
     solimp         0.95      0.99      0.001     0.5       2       
     dist          -9.2e-05 
     includemargin  0       
     pos           -0.12      0.48      0.32    
     frame         -1         2e-05     0.00011   2e-05     1        -2.2e-09  -0.00011   4.1e-25  -1       
     friction       0.7       0.7       0.005     0.0001    0.0001  
     mu             0.22    
     force          3.9      -1.4      -1         0         0         0       
  2:
     dim           3
     geoms         gripper_right_pad1 : object_red_peg
     exclude       0
     efc_address   15
     solref         0.004     1       
     solimp         0.95      0.99      0.001     0.5       2       
     dist          -0.00029 
     includemargin  0       
     pos           -0.12      0.5       0.3     
     frame         -1         2e-05     0.00011   2e-05     1        -2.2e-09  -0.00011   4.1e-25  -1       
     friction       0.7       0.7       0.005     0.0001    0.0001  
     mu             0.22    
     force          14       -1.4      -1.2       0         0         0       
  3:
     dim           3
     geoms         gripper_right_pad1 : object_red_peg
     exclude       0
     efc_address   18
     solref         0.004     1       
     solimp         0.95      0.99      0.001     0.5       2       
     dist          -9.2e-05 
     includemargin  0       
     pos           -0.12      0.5       0.32    
     frame         -1         2e-05     0.00011   2e-05     1        -2.2e-09  -0.00011   4.1e-25  -1       
     friction       0.7       0.7       0.005     0.0001    0.0001  
     mu             0.22    
     force          3.7      -1.4      -1.1       0         0         0       
  4:
     dim           3
     geoms         gripper_right_pad2 : object_red_peg
     exclude       0
     efc_address   21
     solref         0.004     1       
     solimp         0.95      0.99      0.001     0.5       2       
     dist          -9.2e-05 
     includemargin  0       
     pos           -0.12      0.48      0.32    
     frame         -1         2e-05     0.00011   2e-05     1        -2.2e-09  -0.00011   4.1e-25  -1       
     friction       0.6       0.6       0.005     0.0001    0.0001  
     mu             0.19    
     force          3.9      -1.4      -1         0         0         0       
  5:
     dim           3
     geoms         gripper_right_pad2 : object_red_peg
     exclude       0
     efc_address   24
     solref         0.004     1       
     solimp         0.95      0.99      0.001     0.5       2       
     dist          -9.2e-05 
     includemargin  0       
     pos           -0.12      0.5       0.32    
     frame         -1         2e-05     0.00011   2e-05     1        -2.2e-09  -0.00011   4.1e-25  -1       
     friction       0.6       0.6       0.005     0.0001    0.0001  
     mu             0.19    
     force          3.7      -1.4      -1.1       0         0         0       
  6:
     dim           3
     geoms         gripper_left_pad1 : object_red_peg
     exclude       0
     efc_address   27
     solref         0.004     1       
     solimp         0.95      0.99      0.001     0.5       2       
     dist          -9.4e-05 
     includemargin  0       
     pos           -0.14      0.48      0.32    
     frame          1        -8.9e-06  -0.00011   8.9e-06   1        -1e-09     0.00011  -2.1e-25   1       
     friction       0.7       0.7       0.005     0.0001    0.0001  
     mu             0.22    
     force          5.9       1.6      -1.2       0         0         0       
  7:
     dim           3
     geoms         gripper_left_pad1 : object_red_peg
     exclude       0
     efc_address   30
     solref         0.004     1       
     solimp         0.95      0.99      0.001     0.5       2       
     dist          -0.00029 
     includemargin  0       
     pos           -0.14      0.48      0.31    
     frame          1        -8.9e-06  -0.00011   8.9e-06   1        -1e-09     0.00011  -2.1e-25   1       
     friction       0.7       0.7       0.005     0.0001    0.0001  
     mu             0.22    
     force          20        1.9      -1.3       0         0         0       
  8:
     dim           3
     geoms         gripper_left_pad1 : object_red_peg
     exclude       0
     efc_address   33
     solref         0.004     1       
     solimp         0.95      0.99      0.001     0.5       2       
     dist          -9.4e-05 
     includemargin  0       
     pos           -0.14      0.5       0.32    
     frame          1        -8.9e-06  -0.00011   8.9e-06   1        -1e-09     0.00011  -2.1e-25   1       
     friction       0.7       0.7       0.005     0.0001    0.0001  
     mu             0.22    
     force          6.2       1.6      -1.1       0         0         0       
  9:
     dim           3
     geoms         gripper_left_pad2 : object_red_peg
     exclude       0
     efc_address   36
     solref         0.004     1       
     solimp         0.95      0.99      0.001     0.5       2       
     dist          -9.4e-05 
     includemargin  0       
     pos           -0.14      0.48      0.32    
     frame          1        -8.9e-06  -0.00011   8.9e-06   1        -1e-09     0.00011  -2.1e-25   1       
     friction       0.6       0.6       0.005     0.0001    0.0001  
     mu             0.19    
     force          5.9       1.6      -1.2       0         0         0       
  10:
     dim           3
     geoms         gripper_left_pad2 : object_red_peg
     exclude       0
     efc_address   39
     solref         0.004     1       
     solimp         0.95      0.99      0.001     0.5       2       
     dist          -9.4e-05 
     includemargin  0       
     pos           -0.14      0.5       0.32    
     frame          1        -8.9e-06  -0.00011   8.9e-06   1        -1e-09     0.00011  -2.1e-25   1       
     friction       0.6       0.6       0.005     0.0001    0.0001  
     mu             0.19    
     force          6.2       1.6      -1.1       0         0         0       

EFC_TYPE
  0
  0
  0
  0
  0
  0
  0
  3
  3
  7
  7
  7
  7
  7
  7
  7
  7
  7
  7
  7
  7
  7
  7
  7
  7
  7
  7
  7
  7
  7
  7
  7
  7
  7
  7
  7
  7
  7
  7
  7
  7
  7

EFC_ID
  0
  0
  0
  1
  1
  1
  2
  7
  11
  0
  0
  0
  1
  1
  1
  2
  2
  2
  3
  3
  3
  4
  4
  4
  5
  5
  5
  6
  6
  6
  7
  7
  7
  8
  8
  8
  9
  9
  9
  10
  10
  10

EFC_J
  -5.7e-06   3e-09     3e-09     3e-09     0.00025  -5.6e-10   0.057     0.042    -0.051     0.0063    0         0         0         0         0         0         0         0         0         0       
   8.8e-05   0.00025   0.00025   0.00025  -2e-06    -8.8e-05   0.00011  -0.00051  -0.0005   -0.00041   0         0         0         0         0         0         0         0         0         0       
   0        -5.7e-06  -5.7e-06  -5.7e-06  -8.8e-05   2e-06     0.0051   -0.023    -0.023    -0.018     0         0         0         0         0         0         0         0         0         0       
  -5.9e-06   3.1e-09   3.1e-09   3.1e-09   0.00026   5.7e-10   0         0         0         0        -0.057    -0.042     0.051    -0.0063    0         0         0         0         0         0       
  -9e-05     0.00026   0.00026   0.00026   2e-06     9e-05     0         0         0         0         0.00011  -0.00051  -0.00051  -0.0004    0         0         0         0         0         0       
   0        -5.9e-06  -5.9e-06  -5.9e-06   9e-05    -2e-06     0         0         0         0         0.005    -0.023    -0.023    -0.018     0         0         0         0         0         0       
   0         0         0         0         0         0         1         0         0         0        -1         0         0         0         0         0         0         0         0         0       
   0         0         0         0         0         0         0        -1         0         0         0         0         0         0         0         0         0         0         0         0       
   0         0         0         0         0         0         0         0         0         0         0        -1         0         0         0         0         0         0         0         0       
  -0.48      5.3e-05   5.6e-05   1.2e-05  -0.27     -0.0081    0         0        -0.1      -0.044     0         0         0         0        -1         2e-05     0.00011   0.01      2.1e-22   0.024   
   0.12     -0.14      0.28      0.28      0.00022   0.0098    0         0        -7.4e-05  -0.00017   0         0         0         0         2e-05     1        -2.2e-09  -0.0099   -0.024     6.4e-05 
  -5.4e-05  -0.48     -0.48     -0.086    -0.0099    0.00022   0         0         0.0033    0.0078    0         0         0         0        -0.00011   4.1e-25  -1        -6.4e-05   0.0098   -0.0099  
  -0.48      5.3e-05   5.6e-05   1.2e-05  -0.25     -0.0084    0         0        -0.083    -0.026     0         0         0         0        -1         2e-05     0.00011   0.01      2.1e-22   0.043   
   0.12     -0.16      0.26      0.26      0.00022   0.0099    0         0        -7.2e-05  -0.00017   0         0         0         0         2e-05     1        -2.2e-09  -0.01     -0.043     6.4e-05 
  -5.4e-05  -0.48     -0.48     -0.086    -0.01      0.00022   0         0         0.0032    0.0077    0         0         0         0        -0.00011   4.1e-25  -1        -6.4e-05   0.0097   -0.01    
  -0.5       5.6e-05   5.8e-05   1.4e-05  -0.27      0.011     0         0        -0.1      -0.044     0         0         0         0        -1         2e-05     0.00011  -0.0091   -2.1e-22   0.024   
   0.12     -0.14      0.28      0.28      0.00022   0.0098    0         0        -7.4e-05  -0.00017   0         0         0         0         2e-05     1        -2.2e-09  -0.0099   -0.024     6.4e-05 
  -5.7e-05  -0.5      -0.5      -0.1      -0.0099    0.00022   0         0         0.0033    0.0078    0         0         0         0        -0.00011   4.1e-25  -1        -6.4e-05  -0.0093   -0.0099  
  -0.5       5.5e-05   5.8e-05   1.4e-05  -0.25      0.011     0         0        -0.083    -0.026     0         0         0         0        -1         2e-05     0.00011  -0.0094    0         0.043   
   0.12     -0.16      0.26      0.26      0.00022   0.0099    0         0        -7.2e-05  -0.00017   0         0         0         0         2e-05     1        -2.2e-09  -0.01     -0.042     6.4e-05 
  -5.7e-05  -0.5      -0.5      -0.11     -0.01      0.00022   0         0         0.0032    0.0077    0         0         0         0        -0.00011   4.1e-25  -1        -6.4e-05  -0.0097   -0.01    
  -0.48      5.3e-05   5.6e-05   1.2e-05  -0.25     -0.0084    0         0        -0.083    -0.026     0         0         0         0        -1         2e-05     0.00011   0.01      2.1e-22   0.043   
   0.12     -0.16      0.26      0.26      0.00022   0.0099    0         0        -7.2e-05  -0.00017   0         0         0         0         2e-05     1        -2.2e-09  -0.01     -0.043     6.4e-05 
  -5.4e-05  -0.48     -0.48     -0.086    -0.01      0.00022   0         0         0.0032    0.0077    0         0         0         0        -0.00011   4.1e-25  -1        -6.4e-05   0.0097   -0.01    
  -0.5       5.5e-05   5.8e-05   1.4e-05  -0.25      0.011     0         0        -0.083    -0.026     0         0         0         0        -1         2e-05     0.00011  -0.0094    0         0.043   
   0.12     -0.16      0.26      0.26      0.00022   0.0099    0         0        -7.2e-05  -0.00017   0         0         0         0         2e-05     1        -2.2e-09  -0.01     -0.042     6.4e-05 
  -5.7e-05  -0.5      -0.5      -0.11     -0.01      0.00022   0         0         0.0032    0.0077    0         0         0         0        -0.00011   4.1e-25  -1        -6.4e-05  -0.0097   -0.01    
   0.48     -5.5e-05  -5.3e-05  -9e-06     0.25      0.0084    0         0         0         0         0         0        -0.083    -0.026     1        -8.9e-06  -0.00011  -0.01     -4.7e-07  -0.043   
   0.14     -0.16      0.26      0.26     -0.00022  -0.01      0         0         0         0         0         0        -7.3e-05  -0.00017   8.9e-06   1        -1e-09     0.01     -0.043    -6.4e-05 
   5.5e-05   0.48      0.48      0.086    -0.0099    0.00022   0         0         0         0         0         0        -0.0032   -0.0077    0.00011  -2.1e-25   1        -6.4e-05  -0.0097   -0.01    
   0.48     -5.5e-05  -5.3e-05  -8.9e-06   0.27      0.0081    0         0         0         0         0         0        -0.1      -0.044     1        -8.9e-06  -0.00011  -0.01     -2.6e-07  -0.024   
   0.14     -0.14      0.28      0.28     -0.00022  -0.0099    0         0         0         0         0         0        -7.5e-05  -0.00018   8.9e-06   1        -1e-09     0.0099   -0.024    -6.3e-05 
   5.5e-05   0.48      0.48      0.086    -0.0098    0.00022   0         0         0         0         0         0        -0.0033   -0.0078    0.00011  -2.1e-25   1        -6.4e-05  -0.0098   -0.0099  
   0.5      -5.7e-05  -5.5e-05  -1.1e-05   0.25     -0.011     0         0         0         0         0         0        -0.083    -0.026     1        -8.9e-06  -0.00011   0.0094   -4.6e-07  -0.043   
   0.14     -0.16      0.26      0.26     -0.00022  -0.01      0         0         0         0         0         0        -7.3e-05  -0.00017   8.9e-06   1        -1e-09     0.01     -0.042    -6.4e-05 
   5.7e-05   0.5       0.5       0.11     -0.0099    0.00022   0         0         0         0         0         0        -0.0032   -0.0077    0.00011  -2.1e-25   1        -6.4e-05   0.0097   -0.01    
   0.48     -5.5e-05  -5.3e-05  -9e-06     0.25      0.0084    0         0         0         0         0         0        -0.083    -0.026     1        -8.9e-06  -0.00011  -0.01     -4.7e-07  -0.043   
   0.14     -0.16      0.26      0.26     -0.00022  -0.01      0         0         0         0         0         0        -7.3e-05  -0.00017   8.9e-06   1        -1e-09     0.01     -0.043    -6.4e-05 
   5.5e-05   0.48      0.48      0.086    -0.0099    0.00022   0         0         0         0         0         0        -0.0032   -0.0077    0.00011  -2.1e-25   1        -6.4e-05  -0.0097   -0.01    
   0.5      -5.7e-05  -5.5e-05  -1.1e-05   0.25     -0.011     0         0         0         0         0         0        -0.083    -0.026     1        -8.9e-06  -0.00011   0.0094   -4.6e-07  -0.043   
   0.14     -0.16      0.26      0.26     -0.00022  -0.01      0         0         0         0         0         0        -7.3e-05  -0.00017   8.9e-06   1        -1e-09     0.01     -0.042    -6.4e-05 
   5.7e-05   0.5       0.5       0.11     -0.0099    0.00022   0         0         0         0         0         0        -0.0032   -0.0077    0.00011  -2.1e-25   1        -6.4e-05   0.0097   -0.01    

IEFC_J
  -5.7e-06   3e-09     3e-09     3e-09     0.00025  -5.6e-10   0.057     0.042    -0.051     0.0063    0         0         0         0         0         0         0         0         0         0       
   8.8e-05   0.00025   0.00025   0.00025  -2e-06    -8.8e-05   0.00011  -0.00051  -0.0005   -0.00041   0         0         0         0         0         0         0         0         0         0       
   0        -5.7e-06  -5.7e-06  -5.7e-06  -8.8e-05   2e-06     0.0051   -0.023    -0.023    -0.018     0         0         0         0         0         0         0         0         0         0       
  -5.9e-06   3.1e-09   3.1e-09   3.1e-09   0.00026   5.7e-10   0         0         0         0        -0.057    -0.042     0.051    -0.0063    0         0         0         0         0         0       
  -9e-05     0.00026   0.00026   0.00026   2e-06     9e-05     0         0         0         0         0.00011  -0.00051  -0.00051  -0.0004    0         0         0         0         0         0       
   0        -5.9e-06  -5.9e-06  -5.9e-06   9e-05    -2e-06     0         0         0         0         0.005    -0.023    -0.023    -0.018     0         0         0         0         0         0       
   0         0         0         0         0         0         1         0         0         0        -1         0         0         0         0         0         0         0         0         0       
   0         0         0         0         0         0         0        -1         0         0         0         0         0         0         0         0         0         0         0         0       
   0         0         0         0         0         0         0         0         0         0         0        -1         0         0         0         0         0         0         0         0       
  -0.48      5.3e-05   5.6e-05   1.2e-05  -0.27     -0.0081    0         0        -0.1      -0.044     0         0         0         0        -1         2e-05     0.00011   0.01      2.1e-22   0.024   
   0.12     -0.14      0.28      0.28      0.00022   0.0098    0         0        -7.4e-05  -0.00017   0         0         0         0         2e-05     1        -2.2e-09  -0.0099   -0.024     6.4e-05 
  -5.4e-05  -0.48     -0.48     -0.086    -0.0099    0.00022   0         0         0.0033    0.0078    0         0         0         0        -0.00011   4.1e-25  -1        -6.4e-05   0.0098   -0.0099  
  -0.48      5.3e-05   5.6e-05   1.2e-05  -0.25     -0.0084    0         0        -0.083    -0.026     0         0         0         0        -1         2e-05     0.00011   0.01      2.1e-22   0.043   
   0.12     -0.16      0.26      0.26      0.00022   0.0099    0         0        -7.2e-05  -0.00017   0         0         0         0         2e-05     1        -2.2e-09  -0.01     -0.043     6.4e-05 
  -5.4e-05  -0.48     -0.48     -0.086    -0.01      0.00022   0         0         0.0032    0.0077    0         0         0         0        -0.00011   4.1e-25  -1        -6.4e-05   0.0097   -0.01    
  -0.5       5.6e-05   5.8e-05   1.4e-05  -0.27      0.011     0         0        -0.1      -0.044     0         0         0         0        -1         2e-05     0.00011  -0.0091   -2.1e-22   0.024   
   0.12     -0.14      0.28      0.28      0.00022   0.0098    0         0        -7.4e-05  -0.00017   0         0         0         0         2e-05     1        -2.2e-09  -0.0099   -0.024     6.4e-05 
  -5.7e-05  -0.5      -0.5      -0.1      -0.0099    0.00022   0         0         0.0033    0.0078    0         0         0         0        -0.00011   4.1e-25  -1        -6.4e-05  -0.0093   -0.0099  
  -0.5       5.5e-05   5.8e-05   1.4e-05  -0.25      0.011     0         0        -0.083    -0.026     0         0         0         0        -1         2e-05     0.00011  -0.0094    0         0.043   
   0.12     -0.16      0.26      0.26      0.00022   0.0099    0         0        -7.2e-05  -0.00017   0         0         0         0         2e-05     1        -2.2e-09  -0.01     -0.042     6.4e-05 
  -5.7e-05  -0.5      -0.5      -0.11     -0.01      0.00022   0         0         0.0032    0.0077    0         0         0         0        -0.00011   4.1e-25  -1        -6.4e-05  -0.0097   -0.01    
  -0.48      5.3e-05   5.6e-05   1.2e-05  -0.25     -0.0084    0         0        -0.083    -0.026     0         0         0         0        -1         2e-05     0.00011   0.01      2.1e-22   0.043   
   0.12     -0.16      0.26      0.26      0.00022   0.0099    0         0        -7.2e-05  -0.00017   0         0         0         0         2e-05     1        -2.2e-09  -0.01     -0.043     6.4e-05 
  -5.4e-05  -0.48     -0.48     -0.086    -0.01      0.00022   0         0         0.0032    0.0077    0         0         0         0        -0.00011   4.1e-25  -1        -6.4e-05   0.0097   -0.01    
  -0.5       5.5e-05   5.8e-05   1.4e-05  -0.25      0.011     0         0        -0.083    -0.026     0         0         0         0        -1         2e-05     0.00011  -0.0094    0         0.043   
   0.12     -0.16      0.26      0.26      0.00022   0.0099    0         0        -7.2e-05  -0.00017   0         0         0         0         2e-05     1        -2.2e-09  -0.01     -0.042     6.4e-05 
  -5.7e-05  -0.5      -0.5      -0.11     -0.01      0.00022   0         0         0.0032    0.0077    0         0         0         0        -0.00011   4.1e-25  -1        -6.4e-05  -0.0097   -0.01    
   0.48     -5.5e-05  -5.3e-05  -9e-06     0.25      0.0084    0         0         0         0         0         0        -0.083    -0.026     1        -8.9e-06  -0.00011  -0.01     -4.7e-07  -0.043   
   0.14     -0.16      0.26      0.26     -0.00022  -0.01      0         0         0         0         0         0        -7.3e-05  -0.00017   8.9e-06   1        -1e-09     0.01     -0.043    -6.4e-05 
   5.5e-05   0.48      0.48      0.086    -0.0099    0.00022   0         0         0         0         0         0        -0.0032   -0.0077    0.00011  -2.1e-25   1        -6.4e-05  -0.0097   -0.01    
   0.48     -5.5e-05  -5.3e-05  -8.9e-06   0.27      0.0081    0         0         0         0         0         0        -0.1      -0.044     1        -8.9e-06  -0.00011  -0.01     -2.6e-07  -0.024   
   0.14     -0.14      0.28      0.28     -0.00022  -0.0099    0         0         0         0         0         0        -7.5e-05  -0.00018   8.9e-06   1        -1e-09     0.0099   -0.024    -6.3e-05 
   5.5e-05   0.48      0.48      0.086    -0.0098    0.00022   0         0         0         0         0         0        -0.0033   -0.0078    0.00011  -2.1e-25   1        -6.4e-05  -0.0098   -0.0099  
   0.5      -5.7e-05  -5.5e-05  -1.1e-05   0.25     -0.011     0         0         0         0         0         0        -0.083    -0.026     1        -8.9e-06  -0.00011   0.0094   -4.6e-07  -0.043   
   0.14     -0.16      0.26      0.26     -0.00022  -0.01      0         0         0         0         0         0        -7.3e-05  -0.00017   8.9e-06   1        -1e-09     0.01     -0.042    -6.4e-05 
   5.7e-05   0.5       0.5       0.11     -0.0099    0.00022   0         0         0         0         0         0        -0.0032   -0.0077    0.00011  -2.1e-25   1        -6.4e-05   0.0097   -0.01    
   0.48     -5.5e-05  -5.3e-05  -9e-06     0.25      0.0084    0         0         0         0         0         0        -0.083    -0.026     1        -8.9e-06  -0.00011  -0.01     -4.7e-07  -0.043   
   0.14     -0.16      0.26      0.26     -0.00022  -0.01      0         0         0         0         0         0        -7.3e-05  -0.00017   8.9e-06   1        -1e-09     0.01     -0.043    -6.4e-05 
   5.5e-05   0.48      0.48      0.086    -0.0099    0.00022   0         0         0         0         0         0        -0.0032   -0.0077    0.00011  -2.1e-25   1        -6.4e-05  -0.0097   -0.01    
   0.5      -5.7e-05  -5.5e-05  -1.1e-05   0.25     -0.011     0         0         0         0         0         0        -0.083    -0.026     1        -8.9e-06  -0.00011   0.0094   -4.6e-07  -0.043   
   0.14     -0.16      0.26      0.26     -0.00022  -0.01      0         0         0         0         0         0        -7.3e-05  -0.00017   8.9e-06   1        -1e-09     0.01     -0.042    -6.4e-05 
   5.7e-05   0.5       0.5       0.11     -0.0099    0.00022   0         0         0         0         0         0        -0.0032   -0.0077    0.00011  -2.1e-25   1        -6.4e-05   0.0097   -0.01    

EFC_POS
   8.8e-05 
   5.7e-06 
   0.00025 
  -9e-05   
   5.9e-06 
   0.00026 
  -1.8e-06 
  -0.00055 
  -0.00056 
  -0.00029 
   0       
   0       
  -9.2e-05 
   0       
   0       
  -0.00029 
   0       
   0       
  -9.2e-05 
   0       
   0       
  -9.2e-05 
   0       
   0       
  -9.2e-05 
   0       
   0       
  -9.4e-05 
   0       
   0       
  -0.00029 
   0       
   0       
  -9.4e-05 
   0       
   0       
  -9.4e-05 
   0       
   0       
  -9.4e-05 
   0       
   0       

EFC_MARGIN
   0       
   0       
   0       
   0       
   0       
   0       
   0       
   0       
   0       
   0       
   0       
   0       
   0       
   0       
   0       
   0       
   0       
   0       
   0       
   0       
   0       
   0       
   0       
   0       
   0       
   0       
   0       
   0       
   0       
   0       
   0       
   0       
   0       
   0       
   0       
   0       
   0       
   0       
   0       
   0       
   0       
   0       

EFC_FRICTIONLOSS
   0       
   0       
   0       
   0       
   0       
   0       
   0       
   0       
   0       
   0       
   0       
   0       
   0       
   0       
   0       
   0       
   0       
   0       
   0       
   0       
   0       
   0       
   0       
   0       
   0       
   0       
   0       
   0       
   0       
   0       
   0       
   0       
   0       
   0       
   0       
   0       
   0       
   0       
   0       
   0       
   0       
   0       

EFC_DIAGA
   2.1     
   2.1     
   2.1     
   2.2     
   2.2     
   2.2     
   4e+02   
   9.9e+02 
   9.9e+02 
   22      
   2.2     
   2.2     
   22      
   2.2     
   2.2     
   22      
   2.2     
   2.2     
   22      
   2.2     
   2.2     
   22      
   2.2     
   2.2     
   22      
   2.2     
   2.2     
   22      
   2.2     
   2.2     
   22      
   2.2     
   2.2     
   22      
   2.2     
   2.2     
   22      
   2.2     
   2.2     
   22      
   2.2     
   2.2     

EFC_KBIP
   4.1e+04   4e+02     0.96      43      
   4.1e+04   4e+02     0.96      43      
   4.1e+04   4e+02     0.96      43      
   4.1e+04   4e+02     0.96      44      
   4.1e+04   4e+02     0.96      44      
   4.1e+04   4e+02     0.96      44      
   4.1e+04   4e+02     0.95     -0.28    
   4.1e+04   4e+02     0.97     -72      
   4.1e+04   4e+02     0.97     -70      
   6.4e+04   5.1e+02   0.96     -46      
   0         5.1e+02   0.96     -46      
   0         5.1e+02   0.96     -46      
   6.4e+04   5.1e+02   0.95     -15      
   0         5.1e+02   0.95     -15      
   0         5.1e+02   0.95     -15      
   6.4e+04   5.1e+02   0.96     -46      
   0         5.1e+02   0.96     -46      
   0         5.1e+02   0.96     -46      
   6.4e+04   5.1e+02   0.95     -15      
   0         5.1e+02   0.95     -15      
   0         5.1e+02   0.95     -15      
   6.4e+04   5.1e+02   0.95     -15      
   0         5.1e+02   0.95     -15      
   0         5.1e+02   0.95     -15      
   6.4e+04   5.1e+02   0.95     -15      
   0         5.1e+02   0.95     -15      
   0         5.1e+02   0.95     -15      
   6.4e+04   5.1e+02   0.95     -15      
   0         5.1e+02   0.95     -15      
   0         5.1e+02   0.95     -15      
   6.4e+04   5.1e+02   0.96     -46      
   0         5.1e+02   0.96     -46      
   0         5.1e+02   0.96     -46      
   6.4e+04   5.1e+02   0.95     -15      
   0         5.1e+02   0.95     -15      
   0         5.1e+02   0.95     -15      
   6.4e+04   5.1e+02   0.95     -15      
   0         5.1e+02   0.95     -15      
   0         5.1e+02   0.95     -15      
   6.4e+04   5.1e+02   0.95     -15      
   0         5.1e+02   0.95     -15      
   0         5.1e+02   0.95     -15      

EFC_D
   10      
   10      
   10      
   9.9     
   9.9     
   9.9     
   0.048   
   0.038   
   0.039   
   0.99    
   9.9     
   9.9     
   0.87    
   8.7     
   8.7     
   0.99    
   9.9     
   9.9     
   0.87    
   8.7     
   8.7     
   0.87    
   8.7     
   8.7     
   0.87    
   8.7     
   8.7     
   0.87    
   8.7     
   8.7     
   0.99    
   9.9     
   9.9     
   0.87    
   8.7     
   8.7     
   0.87    
   8.7     
   8.7     
   0.87    
   8.7     
   8.7     

EFC_R
   0.098   
   0.098   
   0.098   
   0.1     
   0.1     
   0.1     
   21      
   26      
   26      
   1       
   0.1     
   0.1     
   1.2     
   0.12    
   0.12    
   1       
   0.1     
   0.1     
   1.2     
   0.12    
   0.12    
   1.2     
   0.12    
   0.12    
   1.2     
   0.12    
   0.12    
   1.2     
   0.12    
   0.12    
   1       
   0.1     
   0.1     
   1.2     
   0.12    
   0.12    
   1.2     
   0.12    
   0.12    
   1.2     
   0.12    
   0.12    

TEN_VELOCITY
  -0.00045 

ACTUATOR_VELOCITY
  -4.1e-05 
  -1.1e-05 
   6e-06   
   3.8e-06 
  -0.00087 
   0.00034 
  -0.00045 

CVEL
   0         0         0         0         0         0       
   0         0         0         0         0         0       
   0         0         0         0         0         0       
   0         0        -4.1e-05   4e-06     3.1e-06   0       
   1.1e-05  -1.3e-10  -4.1e-05   4e-06     1.3e-06   1.1e-06 
   5e-06    -6e-11    -4.1e-05   4e-06    -2.7e-07   5.2e-07 
   1.3e-06  -1.5e-11  -4.1e-05   4e-06    -1.3e-06   1.6e-06 
   1.2e-06  -0.00087  -2.1e-05   0.00024  -1.3e-07   5.2e-05 
   1.2e-06  -0.00088  -0.00036   0.00011  -2e-05     5.3e-05 
   1.2e-06  -0.00088  -0.00036   0.00011  -2e-05     5.3e-05 
   1.2e-06  -0.00088  -0.00036   0.00011  -2e-05     5.3e-05 
   1.2e-06  -0.0024   -0.00032   0.00026  -1.9e-05   9.5e-05 
   1.3e-06   0.0021   -0.00042  -0.00013  -1.9e-05   9.6e-05 
   1.2e-06  -0.0079   -0.0002    0.00078  -1.3e-05   0.00037 
   9.2e-07  -0.051     0.00077   0.0025    2.7e-05   0.0021  
   9.2e-07  -0.051     0.00077   0.0025    2.7e-05   0.0021  
   9.2e-07  -0.051     0.00077   0.0025    2.7e-05   0.0021  
   1.2e-06  -0.0015   -0.00034   0.00017  -1.8e-05   0.00011 
   1.3e-06   0.0027   -0.00044  -0.00019  -2.9e-05  -0.00038 
   1.2e-06  -0.0067   -0.00023   0.00067  -1e-05     0.00047 
   9.5e-07  -0.048     0.0007    0.0023    6e-05     0.0036  
   9.5e-07  -0.048     0.0007    0.0023    6e-05     0.0036  
   9.5e-07  -0.048     0.0007    0.0023    6e-05     0.0036  
  -0.0012    0.046     0.023    -0.0037   -7.7e-05  -8.8e-06 

CDOF_DOT
   0         0         0         0         0         0       
   4.8e-10   4.1e-05   0         6.4e-06  -7.6e-11   3.1e-06 
   4.8e-10   4.1e-05   1.2e-21  -1.1e-05  -4.3e-08  -1.6e-06 
   4.8e-10   4.1e-05   1.2e-21  -1.1e-05  -2e-06    -1.6e-06 
   4.1e-05   2.8e-08   1.3e-06  -1.7e-06   1.1e-05   4e-06   
   0.00087   1.2e-06  -2.7e-08  -1.1e-06   0.00024  -0.00035 
   0.00038   2.6e-08   1.3e-06  -2.8e-05   3.9e-05   1.6e-05 
   0.00038   2.6e-08   1.3e-06  -9.5e-05   3.4e-05   5.2e-05 
   0.00038   2.6e-08   1.3e-06  -1.3e-05   3.7e-05   2.1e-05 
   0.00038   2.6e-08   1.3e-06  -4.8e-05   2.5e-05   0.00047 
  -0.00038  -2.6e-08  -1.3e-06  -2.5e-05  -3.9e-05  -1.6e-05 
  -0.00038  -2.6e-08  -1.3e-06  -6.7e-05  -3.4e-05  -3.8e-05 
  -0.00038  -2.6e-08  -1.3e-06  -9.8e-06  -3.7e-05  -2.1e-05 
  -0.00038  -2.6e-08  -1.3e-06  -4e-05    -2.4e-05  -0.00041 
   0         0         0         0         0         0       
   0         0         0         0         0         0       
   0         0         0         0         0         0       
   0         0         0         7.7e-05  -0.0037    2.4e-05 
   0         0        -0         8.5e-09  -9.2e-06   7.7e-05 
   0        -0         0        -9.3e-06   2.4e-05   0.0037  

QFRC_BIAS
   1.5e-08 
  -21      
  -21      
  -2.4     
   0.00074 
  -1.7e-05 
  -0.0035  
   0.0015  
  -0.0019  
  -0.00063 
  -0.0035  
   0.0015  
  -0.0019  
  -0.00063 
   0       
   0       
   0.49    
  -2.6e-22 
   4.9e-23 
   1.3e-22 

QFRC_SPRING
   0       
   0       
   0       
   0       
   0       
   0       
   0       
   0       
   0.1     
   0       
   0       
   0       
   0.1     
   0       
   0       
   0       
   0       
   0       
   0       
   0       

QFRC_DAMPER
   0       
   0       
   0       
   0       
   0       
   0       
   0.00015 
   0       
   8.8e-06 
   0       
  -6.3e-05 
   0       
  -7.3e-06 
   0       
   0       
   0       
   0       
   0       
   0       
   0       

QFRC_GRAVCOMP
   0       
   0       
   0       
   0       
   0       
   0       
   0       
   0       
   0       
   0       
   0       
   0       
   0       
   0       
   0       
   0       
   0       
   0       
   0       
   0       

QFRC_FLUID
   0       
   0       
   0       
   0       
   0       
   0       
   0       
   0       
   0       
   0       
   0       
   0       
   0       
   0       
   0       
   0       
   0       
   0       
   0       
   0       

QFRC_PASSIVE
   0       
   0       
   0       
   0       
   0       
   0       
   0.00015 
   0       
   0.1     
   0       
  -6.3e-05 
   0       
   0.1     
   0       
   0       
   0       
   0       
   0       
   0       
   0       

EFC_VEL
   0.00019 
   1.9e-05 
   0.00083 
   0.00018 
  -1.7e-05 
  -0.00078 
  -0.0022  
  -0.0045  
   0.0042  
   0.0052  
   0.00019 
   0.0001  
   0.0034  
   0.00021 
   0.00011 
   0.0057  
   0.00019 
   0.00013 
   0.0039  
   0.00021 
   0.00014 
   0.0034  
   0.00021 
   0.00011 
   0.0039  
   0.00021 
   0.00014 
  -0.0032  
  -0.00027 
   0.00013 
  -0.005   
  -0.00029 
   0.00012 
  -0.0037  
  -0.00027 
   0.00011 
  -0.0032  
  -0.00027 
   0.00013 
  -0.0037  
  -0.00027 
   0.00011 

EFC_AREF
  -3.5     
  -0.23    
  -10      
   3.4     
  -0.22    
  -9.9     
   0.94    
   24      
   21      
   15      
  -0.095   
  -0.052   
   3.9     
  -0.11    
  -0.057   
   15      
  -0.095   
  -0.063   
   3.6     
  -0.11    
  -0.068   
   3.9     
  -0.11    
  -0.057   
   3.6     
  -0.11    
  -0.068   
   7.4     
   0.13    
  -0.067   
   20      
   0.14    
  -0.063   
   7.6     
   0.13    
  -0.055   
   7.4     
   0.13    
  -0.067   
   7.6     
   0.13    
  -0.055   

SUBTREE_LINVEL
   0         0         0       
   0         0         0       
   0         0         0       
   0         0         0       
   0         0         0       
   0         0         0       
   0         0         0       
   0         0         0       
   0         0         0       
   0         0         0       
   0         0         0       
   0         0         0       
   0         0         0       
   0         0         0       
   0         0         0       
   0         0         0       
   0         0         0       
   0         0         0       
   0         0         0       
   0         0         0       
   0         0         0       
   0         0         0       
   0         0         0       
   0         0         0       

SUBTREE_ANGMOM
   0         0         0       
   0         0         0       
   0         0         0       
   0         0         0       
   0         0         0       
   0         0         0       
   0         0         0       
   0         0         0       
   0         0         0       
   0         0         0       
   0         0         0       
   0         0         0       
   0         0         0       
   0         0         0       
   0         0         0       
   0         0         0       
   0         0         0       
   0         0         0       
   0         0         0       
   0         0         0       
   0         0         0       
   0         0         0       
   0         0         0       
   0         0         0       

ACTUATOR_FORCE
   0.016   
  -22      
  -21      
  -2.4     
   0.088   
  -0.034   
   5       

QFRC_ACTUATOR
   0.016   
  -22      
  -21      
  -2.4     
   0.088   
  -0.034   
   2.5     
   0       
   0       
   0       
   2.5     
   0       
   0       
   0       
   0       
   0       
   0       
   0       
   0       
   0       

QFRC_SMOOTH
   0.016   
  -0.24    
  -0.24    
  -0.047   
   0.087   
  -0.034   
   2.5     
  -0.0015  
   0.1     
   0.00063 
   2.5     
  -0.0015  
   0.1     
   0.00063 
   0       
   0       
  -0.49    
   2.6e-22 
  -4.9e-23 
  -1.3e-22 

QACC_SMOOTH
  -0.043   
  -0.056   
  -0.35    
  -0.19    
   0.71    
  -0.33    
   5e+02   
  -7.1     
   91      
  -1.1     
   5e+02   
  -7.1     
   92      
  -1.1     
   0       
   0       
  -9.8     
   1.3e-19 
  -2.4e-20 
  -6.5e-20 

EFC_B
   27      
   0.24    
   11      
  -27      
   0.24    
   11      
  -0.93    
  -17      
  -14      
  -24      
  -0.062   
   10      
  -12      
  -0.038   
   10      
  -24      
  -0.062   
   10      
  -11      
  -0.038   
   10      
  -12      
  -0.038   
   10      
  -11      
  -0.038   
   10      
  -15      
  -0.27    
  -10      
  -29      
  -0.3     
  -10      
  -15      
  -0.28    
  -10      
  -15      
  -0.27    
  -10      
  -15      
  -0.28    
  -10      

EFC_FORCE
  -34      
  -2.4     
  -1.1e+02 
   35      
  -2.1     
  -95      
   0.0038  
   1       
   0.7     
   15      
  -1.4     
  -1.1     
   3.9     
  -1.4     
  -1       
   14      
  -1.4     
  -1.2     
   3.7     
  -1.4     
  -1.1     
   3.9     
  -1.4     
  -1       
   3.7     
  -1.4     
  -1.1     
   5.9     
   1.6     
  -1.2     
   20      
   1.9     
  -1.3     
   6.2     
   1.6     
  -1.1     
   5.9     
   1.6     
  -1.2     
   6.2     
   1.6     
  -1.1     

EFC_STATE
  1
  1
  1
  1
  1
  1
  1
  1
  1
  4
  4
  4
  4
  4
  4
  4
  4
  4
  4
  4
  4
  4
  4
  4
  4
  4
  4
  4
  4
  4
  4
  4
  4
  4
  4
  4
  4
  4
  4
  4
  4
  4

QFRC_CONSTRAINT
  -0.014   
   0.24    
   0.24    
   0.047   
  -0.048   
   0.011   
  -2.5     
   0.0042  
  -0.099   
  -0.022   
  -2.5     
  -0.0014  
  -0.1     
   0.023   
  -0.0078  
   2.8e-05 
   0.49    
  -0.01    
  -8.2e-05 
  -0.048   

QFRC_INVERSE
   0       
   0       
   0       
   0       
   0       
   0       
   0       
   0       
   0       
   0       
   0       
   0       
   0       
   0       
   0       
   0       
   0       
   0       
   0       
   0       

CACC
   0         0         0        -0        -0         9.8     
   0         0         0         0         0         9.8     
   0         0         0         0         0         9.8     
   0         0        -0.021     0.002     0.0016    9.8     
   0.0019   -2.3e-08  -0.021     0.002     0.0013    9.8     
   0.0026   -3.1e-08  -0.021     0.002     0.0014    9.8     
   0.00096  -1.1e-08  -0.021     0.002     0.001     9.8     
   0.00096   0.31     -0.028    -0.082     0.00061   9.8     
   0.00096   0.32      0.2       0.0056    0.014     9.8     
   0.00096   0.32      0.2       0.0056    0.014     9.8     
   0.00096   0.32      0.2       0.0056    0.014     9.8     
   0.00097   1.1       0.18     -0.078     0.013     9.8     
   0.00099   3.8       0.12     -0.31      0.013     9.8     
   0.00098   3.5       0.13     -0.3       0.011     9.6     
   0.00083  -18        0.6       0.53      0.03      11      
   0.00083  -18        0.6       0.53      0.03      11      
   0.00083  -18        0.6       0.53      0.03      11      
   0.00096   0.36      0.2       0.0015    0.014     9.8     
   0.00098   3.3       0.13     -0.25      0.006     9.4     
   0.00097   2.3       0.15     -0.19      0.01      9.6     
   0.00081  -22        0.69      0.74      0.051     11      
   0.00081  -22        0.69      0.74      0.051     11      
   0.00081  -22        0.69      0.74      0.051     11      
  -0.04      24        5        -0.16      0.00065   9.8     

CFRC_INT
   0.19      0.08      0.019    -0.019     0.026     2.2e+02 
  -5.5e-17   0         0         0         0         0.99    
   0.19      0.08      0.019    -0.019     0.026     2.2e+02 
   4.1       3         0.019    -0.019     0.026     1.8e+02 
   7.6       5.8       0.019    -0.019     0.026     1.4e+02 
   16        0.66      0.02     -0.02      0.0059    59      
   13        2.2       0.022    -0.029     0.0074    37      
   9.7       1.5       0.025    -0.039     0.005     25      
   5         0.78      0.03     -0.051     0.0026    13      
   4.3       0.67      0.029    -0.049     0.0022    11      
   3.7       0.59      0.028    -0.045     0.0019    9.3     
  -42       -3.7       14       -34       -2.4      -1.1e+02 
  -42       -3.7       14       -34       -2.4      -1.1e+02 
   45        4.4       4.4      -10       -6         1.1e+02 
   45        4.3       4.4      -10       -6         1.1e+02 
   2.6       0.67      18       -44       -8.4       6.6     
   0.0049    0.0006   -0.00011   0.00027   1.5e-06   0.013   
  -37       -7.7      -14        35       -2.1      -95      
  -37       -7.7      -14        35       -2.1      -95      
   35        7.1      -4.2       9.2       11        90      
   35        7.1      -4.2       9.2       11        89      
  -2.3      -0.59     -18        44        8.4      -6       
   0.0051    0.0009   -0.00019   0.00048   4.9e-06   0.013   
  -1.1e-16  -4e-16    -1.1e-16   9.9e-16   2.9e-16   2.2e-15 

CFRC_EXT
   0         0         0         0         0         0       
   0         0         0         0         0         0       
   0         0         0         0         0         0       
   0         0         0         0         0         0       
   0         0         0         0         0         0       
   0         0         0         0         0         0       
   0         0         0         0         0         0       
   0         0         0         0         0         0       
   0         0         0         0         0         0       
   0         0         0         0         0         0       
   0         0         0         0         0         0       
   0         0         0         0         0         0       
   42        3.7      -14        34        2.4       1.1e+02 
   0         0         0         0         0         0       
  -42       -3.7       14       -34       -2.4      -1.1e+02 
  -2.6      -0.67     -18        44        8.4      -6.6     
   0         0         0         0         0         0       
   0         0         0         0         0         0       
   37        7.7       14       -35        2.1       95      
   0         0         0         0         0         0       
  -37       -7.7      -14        35       -2.1      -95      
   2.4       0.6       18       -44       -8.4       6.1     
   0         0         0         0         0         0       
  -8e-05     0.048     0.01     -0.0078    2.8e-05   0.49    

TREE_ISLAND
  0 0

ISLAND_NTREE
  2

ISLAND_ITREEADR
  0

MAP_ITREE2TREE
  0 1

DOF_ISLAND            0 0 0 0 0 0 0 0 0 0 0 0 0 0 0 0 0 0 0 0

ISLAND_NV             20

ISLAND_IDOFADR        0

MAP_IDOF2DOF          0 1 2 3 4 5 6 7 8 9 10 11 12 13 14 15 16 17 18 19

EFC_ISLAND            0 0 0 0 0 0 0 0 0 0 0 0 0 0 0 0 0 0 0 0 0 0 0 0 0 0 0 0 0 0 0 0 0 0 0 0 0 0 0 0 0 0

ISLAND_NEFC           42

ISLAND_IEFCADR        0

MAP_IEFC2EFC          0 1 2 3 4 5 6 7 8 9 10 11 12 13 14 15 16 17 18 19 20 21 22 23 24 25 26 27 28 29 30 31 32 33 34 35 36 37 38 39 40 41

TENDON_EFCADR         -1

